# iterator, reward, timestamp 
1,-65.650875212,1570150819.8530068
2,-113.783664348,1570150823.9598942
3,-132.479786873,1570150827.0654593
4,-95.9512896495,1570150830.1721318
5,-69.1086664406,1570150833.1769378
6,-84.0789434279,1570150836.282928
7,-102.14471817,1570150839.3884168
8,-105.873584747,1570150843.3936713
9,-85.5708740529,1570150850.504002
10,-85.5569932221,1570150853.5072825
11,-25.8140747463,1570150856.613398
12,-21.8795679826,1570150859.718977
13,-25.2593400855,1570150862.8253078
14,-22.4815667905,1570150865.9298046
15,-25.4414643622,1570150869.0351322
16,-22.3682810694,1570150872.1405606
17,-24.6852321574,1570150875.246937
18,-23.3429160692,1570150878.352666
19,-25.4567090805,1570150881.4566705
20,-23.0337913757,1570150884.562738
21,-25.1932261014,1570150887.6692863
22,-22.3148277096,1570150890.7764769
23,-25.264758433,1570150893.882036
24,-23.9442951092,1570150896.987338
25,-25.0067179386,1570150900.0934832
26,-22.7976530051,1570150903.198918
27,-24.4246314508,1570150906.3063061
28,-22.2874265048,1570150909.4116397
29,-25.351458957,1570150912.5175107
30,-22.9012252091,1570150915.6233091
31,-24.4843114978,1570150918.7296839
32,-22.8857419094,1570150921.8351276
33,-25.686305082,1570150924.9419491
34,-22.3007935659,1570150928.0478096
35,-25.4204790865,1570150931.1526859
36,-22.3449735096,1570150934.2588983
37,-25.1570736237,1570150937.3654218
38,-21.8937570334,1570150940.4698126
39,-25.3647961662,1570150943.57593
40,-22.5128749525,1570150946.6811583
41,-24.0712429309,1570150949.7872689
42,-22.3654629842,1570150952.894185
43,-25.0402030875,1570150955.9993417
44,-21.9825874763,1570150959.105553
45,-25.150862935,1570150962.2115858
46,-22.1821260656,1570150965.3171296
47,-24.735827931,1570150968.4231513
48,-21.6474283574,1570150971.5296025
49,-24.3103272499,1570150974.6342657
50,-22.8579921548,1570150977.7397704
51,-24.0950620762,1570150980.8456972
52,-22.4690800177,1570150983.9509702
53,-24.5550473464,1570150987.0558689
54,-21.5045520321,1570150990.161599
55,-25.3098960366,1570150993.2678351
56,-22.0440707372,1570150996.374188
57,-22.9723788992,1570150999.4800253
58,-22.3223751953,1570151002.5863047
59,-25.1836055561,1570151005.6905222
60,-22.314180168,1570151008.7954478
61,-25.1416889081,1570151011.9027433
62,-23.1853612445,1570151015.0091124
63,-25.1550147135,1570151018.1125305
64,-22.3396325412,1570151021.218594
65,-25.6614672214,1570151024.3242996
66,-22.1390634886,1570151027.429682
67,-24.6900483934,1570151030.5357437
68,-22.8328001208,1570151033.644369
69,-25.1784060199,1570151036.7494783
70,-22.583348655,1570151039.8543983
71,-24.9575283539,1570151042.9614885
72,-22.5867781305,1570151046.0673807
73,-24.5805921857,1570151049.1733735
74,-23.102618954,1570151052.2780569
75,-24.3459169396,1570151055.3834274
76,-22.1373522691,1570151058.4895787
77,-24.6574201288,1570151061.5959947
78,-22.6157905757,1570151064.7043567
79,-22.1114294384,1570151067.8101587
80,-22.6612120968,1570151070.9165044
81,-24.5625688873,1570151074.023488
82,-22.5209003582,1570151077.129781
83,-25.3550253578,1570151080.2356753
84,-23.1465289485,1570151083.3419325
85,-25.2337089963,1570151086.4485238
86,-22.1471797402,1570151089.5545833
87,-25.6406856754,1570151092.6605563
88,-22.3018508947,1570151095.77013
89,-25.5450742462,1570151098.8757849
90,-22.2281499899,1570151101.9821458
91,-24.2740405768,1570151105.0890179
92,-22.6982561765,1570151108.1966372
93,-25.4868990972,1570151111.3019598
94,-23.2438340873,1570151114.4068696
95,-25.2914803962,1570151117.5140529
96,-22.7108481622,1570151120.619736
97,-25.4820891192,1570151123.7267919
98,-21.5203406089,1570151126.8325143
99,-25.7977053774,1570151129.9383564
100,-22.6544632418,1570151133.0439906
101,-24.5562282694,1570151136.149995
102,-21.5722280014,1570151139.255004
103,-26.5767096079,1570151142.361013
104,-22.8086709699,1570151145.4659286
105,-25.0480028023,1570151148.5720122
106,-22.5406684873,1570151151.6782596
107,-24.6882973622,1570151154.7851744
108,-23.4817695905,1570151157.8901594
109,-24.5603021397,1570151160.9962103
110,-22.0115147639,1570151164.102248
111,-23.952821625,1570151167.2078726
112,-22.9773264535,1570151170.3131475
113,-25.4107192058,1570151173.4186506
114,-22.1590272569,1570151176.5235093
115,-24.1211610982,1570151179.6292782
116,-22.8282582793,1570151182.735732
117,-25.7987803056,1570151185.8423584
118,-22.6703523109,1570151188.9497273
119,-24.8670532491,1570151192.0567412
120,-22.5908085186,1570151195.1620085
121,-25.5998107406,1570151198.2685804
122,-21.6999067763,1570151201.373576
123,-25.7853629783,1570151204.4788141
124,-21.5878420239,1570151207.5845702
125,-23.8010069478,1570151210.6895053
126,-22.5196930884,1570151213.7955303
127,-24.210103729,1570151216.9019701
128,-21.9161225232,1570151220.0094585
129,-24.3151827317,1570151223.1142366
130,-22.917188669,1570151226.2200446
131,-25.0098053804,1570151229.3258355
132,-22.3617874239,1570151232.431273
133,-24.801498265,1570151235.5356038
134,-23.6276827524,1570151238.6399133
135,-25.1574507827,1570151241.745772
136,-21.947755173,1570151244.8504565
137,-25.5849176932,1570151247.955714
138,-23.321479018,1570151251.0617483
139,-25.2884804055,1570151254.1670597
140,-22.9374823348,1570151257.2728775
141,-25.0449354901,1570151260.3800092
142,-23.1080343319,1570151263.4846168
143,-25.3687893958,1570151266.5908847
144,-22.7356014589,1570151269.6963692
145,-25.3574078245,1570151272.802118
146,-23.715866663,1570151275.908804
147,-25.1203098417,1570151279.015518
148,-22.7649507088,1570151282.1203625
149,-20.9750170607,1570151285.2263248
150,-21.4633880882,1570151288.331292
151,-22.6972634322,1570151291.4371269
152,-23.3089913778,1570151294.5433176
153,-25.078507789,1570151297.6485844
154,-19.3174291925,1570151300.7545662
155,-22.443228583,1570151303.8607013
156,-22.6053064248,1570151306.9654746
157,-24.144022491,1570151310.071848
158,-19.9862832035,1570151313.1772747
159,-24.912484639,1570151316.284065
160,-17.9239782737,1570151319.3900826
161,-24.4953309012,1570151322.4946184
162,-22.0647684295,1570151325.6008263
163,-25.0609147872,1570151328.7066119
164,-19.9493285935,1570151331.8130584
165,-24.1070801057,1570151334.917926
166,-21.5690547714,1570151338.0238721
167,-21.2902863509,1570151341.129605
168,-22.1116067738,1570151344.237065
169,-25.1611666129,1570151347.3431764
170,-22.7105124432,1570151350.4493544
171,-24.3462288149,1570151353.5535529
172,-22.9123094214,1570151356.6589887
173,-25.4042623622,1570151359.7656136
174,-21.9297618436,1570151362.8719985
175,-25.2155322482,1570151365.9773457
176,-21.6053474029,1570151369.0835924
177,-24.5346036745,1570151372.190181
178,-22.6622744837,1570151375.2964013
179,-24.1280844318,1570151378.401587
180,-22.7072341183,1570151381.5069776
181,-25.0863901564,1570151384.6133304
182,-21.8090691415,1570151387.7198477
183,-24.8040848048,1570151390.8267245
184,-22.2280166695,1570151393.933287
185,-24.6635867762,1570151397.0379534
186,-21.1923612299,1570151400.1445954
187,-25.6219861362,1570151403.2514107
188,-21.9085619715,1570151406.358963
189,-24.4899623044,1570151409.4646938
190,-21.7194100293,1570151412.5695434
191,-25.2443397621,1570151415.6755168
192,-22.8869690995,1570151418.7812045
193,-25.318623916,1570151421.888067
194,-22.733377039,1570151424.9942865
195,-25.2323364316,1570151428.1000323
196,-22.3890932399,1570151431.2059813
197,-24.9132443439,1570151434.3113873
198,-21.4717570431,1570151437.4178803
199,-24.9729638642,1570151440.5250018
200,-22.1167811138,1570151443.6305187
201,-24.053882314,1570151446.7357635
202,-22.382637026,1570151449.841496
203,-25.1981047079,1570151452.9475825
204,-21.7666478597,1570151456.0538695
205,-25.539357509,1570151459.1603572
206,-22.9049732021,1570151462.2672083
207,-24.8453632673,1570151465.3739336
208,-22.513119103,1570151468.4805393
209,-24.6906859717,1570151471.585815
210,-22.4095312284,1570151474.6908944
211,-25.0605444973,1570151477.796822
212,-22.5101518733,1570151480.9024658
213,-24.5914373059,1570151484.009894
214,-21.8622855451,1570151487.1150188
215,-24.9793711469,1570151490.220261
216,-22.1421257826,1570151493.3266063
217,-25.0477425575,1570151496.4327211
218,-21.9417199678,1570151499.5387242
219,-25.5143683835,1570151502.6457593
220,-22.2702912696,1570151505.7507484
221,-23.5160110146,1570151508.8562825
222,-21.8070653236,1570151511.9616828
223,-24.0527311579,1570151515.0685155
224,-22.0696272179,1570151518.1743567
225,-24.9043641057,1570151521.280173
226,-22.4137993081,1570151524.3862836
227,-24.094754894,1570151527.4927514
228,-21.4953667758,1570151530.599602
229,-24.4816388211,1570151533.7042954
230,-22.2934484609,1570151536.8102236
231,-26.1470183909,1570151539.9158075
232,-22.3608819936,1570151543.0221074
233,-26.3254345637,1570151546.127175
234,-23.8163520497,1570151549.2323372
235,-24.7639538301,1570151552.3366766
236,-27.2372424925,1570151555.4431849
237,-28.978990214,1570151558.5493004
238,-25.2694708797,1570151561.6555796
239,-28.8586076684,1570151564.7621999
240,-25.0808991798,1570151567.867551
241,-28.2120527316,1570151570.97319
242,-24.6344073986,1570151574.0776584
243,-27.7317853925,1570151577.1843572
244,-24.9056599661,1570151580.2906127
245,-28.4750244519,1570151583.3962615
246,-23.8157098286,1570151586.5022843
247,-26.6022143294,1570151589.6091702
248,-25.1812620352,1570151592.7152154
249,-28.7347459939,1570151595.82
250,-26.2215535419,1570151598.925123
251,-26.6206216251,1570151602.031793
252,-25.7778405118,1570151605.1371422
253,-27.7823948439,1570151608.2431848
254,-25.4932255053,1570151611.347959
255,-28.3170387989,1570151614.4545949
256,-24.8136648491,1570151617.5604777
257,-27.3666524273,1570151620.6666427
258,-25.024622715,1570151623.7723553
259,-27.4624453843,1570151626.878164
260,-25.6918844921,1570151629.9835296
261,-26.976792379,1570151633.0889928
262,-25.4699155366,1570151636.1948466
263,-27.8691331451,1570151639.3016667
264,-25.7917099782,1570151642.407819
265,-28.622699948,1570151645.5135932
266,-25.9677517715,1570151648.6188831
267,-27.0725816085,1570151651.7245553
268,-25.7591024543,1570151654.8301647
269,-28.2435495301,1570151657.935416
270,-25.7469458982,1570151661.0401423
271,-26.8038940931,1570151664.1471775
272,-25.6131815272,1570151667.252844
273,-28.3611709034,1570151670.3596072
274,-24.6029600126,1570151673.4651136
275,-27.7467828923,1570151676.5710514
276,-25.1541723892,1570151679.67755
277,-27.4334982484,1570151682.783009
278,-25.5358227612,1570151685.8883097
279,-28.1080368773,1570151688.9923737
280,-24.9809296104,1570151692.0986917
281,-28.6891248889,1570151695.2050612
282,-24.9775474169,1570151698.3116996
283,-28.4953554408,1570151701.4176106
284,-25.638371129,1570151704.5241432
285,-27.8385070792,1570151707.6292558
286,-25.2066820486,1570151710.735612
287,-27.3887877518,1570151713.8416283
288,-25.4789609866,1570151716.9480166
289,-27.5840144432,1570151720.0535817
290,-24.6469120599,1570151723.1594422
291,-28.2520766675,1570151726.265111
292,-25.2886135929,1570151729.3713734
293,-27.4533157556,1570151732.47838
294,-25.3771297856,1570151735.5849762
295,-28.2873606068,1570151738.6895196
296,-25.352538547,1570151741.7953532
297,-27.4433282351,1570151744.9025633
298,-24.3035314167,1570151748.008563
299,-27.2165622136,1570151751.115628
300,-24.7616180915,1570151754.2217681
301,-28.3000269285,1570151757.326307
302,-24.4816274841,1570151760.4322546
303,-27.1873086831,1570151763.538815
304,-25.4916398593,1570151766.6442332
305,-27.2830350699,1570151769.7504833
306,-25.1578453508,1570151772.8560748
307,-26.9435222157,1570151775.962023
308,-25.7591291805,1570151779.0679715
309,-28.1458773975,1570151782.173476
310,-25.6887178025,1570151785.279301
311,-27.9507630729,1570151788.3861566
312,-25.3509033977,1570151791.4922829
313,-27.7700393554,1570151794.5984147
314,-25.0419189045,1570151797.7041287
315,-28.0585810525,1570151800.8099442
316,-25.396313538,1570151803.916012
317,-27.8287574146,1570151807.023364
318,-25.2982446874,1570151810.1292672
319,-26.8902604701,1570151813.2340565
320,-24.6406883929,1570151816.339934
321,-27.820393284,1570151819.4449813
322,-25.741588438,1570151822.5518615
323,-27.1721329625,1570151825.6592503
324,-25.2157209165,1570151828.764561
325,-27.3939353492,1570151831.8709075
326,-24.5333713865,1570151834.9777763
327,-28.1806183668,1570151838.0832496
328,-26.4699937774,1570151841.1889555
329,-27.3975183791,1570151844.2949772
330,-25.3789917484,1570151847.4008603
331,-28.1538982959,1570151850.505568
332,-25.9976221262,1570151853.6113086
333,-28.2350734155,1570151856.7191157
334,-25.5146080173,1570151859.8246114
335,-27.904415824,1570151862.9299505
336,-25.3491700497,1570151866.034627
337,-28.2079763416,1570151869.1402173
338,-25.7002101799,1570151872.2453012
339,-29.1301168686,1570151875.3507702
340,-25.2022190138,1570151878.4557178
341,-27.776209712,1570151881.562199
342,-25.6872537093,1570151884.6677577
343,-27.6163201596,1570151887.7733743
344,-25.6297954622,1570151890.8804543
345,-27.1204798002,1570151893.986127
346,-25.4648373875,1570151897.0915563
347,-29.0547437849,1570151900.1974425
348,-25.3878000788,1570151903.3025486
349,-28.157854764,1570151906.407497
350,-25.6439894108,1570151909.5116448
351,-27.5152766743,1570151912.6172233
352,-27.1090716615,1570151915.7239416
353,-28.1370054628,1570151918.830777
354,-24.7974612867,1570151921.9363725
355,-100.330591202,1570151925.0411003
356,-25.1444545707,1570151928.1471586
357,-28.0659284876,1570151931.252264
358,-25.4909892613,1570151934.3575652
359,-27.0339398312,1570151937.4646623
360,-24.5302091179,1570151940.570445
361,-27.2308536725,1570151943.6763568
362,-25.9447444878,1570151946.7820084
363,-27.6402305249,1570151949.8884726
364,-26.0607328363,1570151952.99534
365,-27.7564801659,1570151956.0998707
366,-24.3238047993,1570151959.2053416
367,-28.2932244606,1570151962.31121
368,-25.1111560234,1570151965.416439
369,-27.7657654819,1570151968.5223234
370,-25.0009805857,1570151971.6279123
371,-27.3922624243,1570151974.7333598
372,-24.6634561633,1570151977.8385322
373,-27.6691940504,1570151980.945405
374,-25.0770358127,1570151984.0512965
375,-26.8651933705,1570151987.1569908
376,-25.1910130123,1570151990.260877
377,-27.3905677915,1570151993.3663943
378,-25.2899876769,1570151996.4713933
379,-27.594209187,1570151999.576916
380,-25.2605306566,1570152002.6818433
381,-28.1155010887,1570152005.787137
382,-25.461808528,1570152008.8939862
383,-63.7165277538,1570152012.0013628
384,-86.6981322505,1570152017.1085148
385,-87.4522208147,1570152020.1114812
386,-108.87632222,1570152023.216776
387,-135.818123817,1570152026.322221
388,-111.793702957,1570152030.4293444
389,-85.1534092639,1570152033.5349853
390,-85.23306787,1570152039.539889
391,-103.725194931,1570152042.6459787
392,-82.8628799618,1570152045.7513723
393,-111.653869065,1570152048.857297
394,-72.9900164479,1570152051.9623184
395,-53.8184753704,1570152054.9670327
396,-103.225469589,1570152058.073928
397,-34.7852823798,1570152061.179704
398,-114.592656266,1570152065.2864602
399,-137.381792068,1570152072.3964248
400,-111.474872224,1570152075.5009604
401,-84.8119523229,1570152080.609608
402,-113.089947799,1570152083.7157116
403,-113.80923731,1570152086.7212791
404,-86.5615212242,1570152089.8289344
405,-109.26153633,1570152094.9364762
406,-85.3102876434,1570152098.0417206
407,-114.308062236,1570152101.1474974
408,-72.0812016186,1570152104.2546608
409,-111.203888724,1570152109.3611646
410,-111.394258316,1570152112.3654377
411,-76.1160427807,1570152115.4710178
412,-51.9449660344,1570152118.4739354
413,-33.5750758363,1570152121.4768274
414,-25.5346439952,1570152124.480949
415,-24.834395044,1570152127.485236
416,-24.7185958512,1570152130.4881597
417,-25.4123937574,1570152133.4908867
418,-25.5684962132,1570152136.494125
419,-26.2348643837,1570152139.4963093
420,-25.9840523654,1570152142.5004902
421,-25.6603994502,1570152145.5040674
422,-25.0390711319,1570152148.5079045
423,-25.293551632,1570152151.511901
424,-24.9927600813,1570152154.5155804
425,-25.6660397407,1570152157.51876
426,-25.6348560234,1570152160.5218005
427,-24.8884245443,1570152163.5253038
428,-24.876243428,1570152166.5285592
429,-25.9813030596,1570152169.5324085
430,-25.6182302044,1570152172.535427
431,-26.0268444768,1570152175.5385437
432,-25.3596566424,1570152178.5425951
433,-24.9787586554,1570152181.5470533
434,-26.0521665811,1570152184.5500565
435,-25.0072073071,1570152187.5533175
436,-25.2116498043,1570152190.556232
437,-24.9447230056,1570152193.5599396
438,-25.1838800098,1570152196.5624592
439,-26.0874476825,1570152199.5658858
440,-25.2830880193,1570152202.569921
441,-25.566109865,1570152205.573888
442,-25.5106340426,1570152208.5772414
443,-25.583400571,1570152211.5800261
444,-25.1216517141,1570152214.5828598
445,-24.7468015634,1570152217.587326
446,-24.7203889624,1570152220.5899842
447,-25.1634737391,1570152223.5915136
448,-24.5413151776,1570152226.5950158
449,-25.5854095968,1570152229.5977285
450,-25.5425865746,1570152232.601248
451,-25.9508119933,1570152235.6043265
452,-26.6936419802,1570152238.6076748
453,-24.374743529,1570152241.611463
454,-26.0911447603,1570152244.6140454
455,-25.3617591376,1570152247.6177676
456,-25.329631641,1570152250.6203685
457,-25.191862667,1570152253.623828
458,-26.1016163302,1570152256.6267703
459,-25.5455296412,1570152259.629902
460,-24.5769003523,1570152262.634123
461,-25.3032972738,1570152265.6377
462,-24.6682891976,1570152268.6414871
463,-24.1621198307,1570152271.6435392
464,-24.1706794996,1570152274.6466093
465,-22.2643836009,1570152277.6498966
466,-21.174854219,1570152280.6539977
467,-22.1908714692,1570152283.6576552
468,-22.537612948,1570152286.6604085
469,-22.7020879466,1570152289.665183
470,-22.8567636763,1570152292.6681294
471,-23.0290821654,1570152295.6709282
472,-23.180990552,1570152298.675603
473,-21.9942809113,1570152301.6779697
474,-23.1054841137,1570152304.6810777
475,-23.9735050092,1570152307.6831656
476,-24.070689365,1570152310.6861541
477,-22.5253405778,1570152313.6900468
478,-22.2132474844,1570152316.6927457
479,-23.0779781721,1570152319.6961155
480,-22.729177047,1570152322.6993608
481,-23.4764381256,1570152325.7031295
482,-22.8108984904,1570152328.707656
483,-23.0723919069,1570152331.7109995
484,-22.6629735505,1570152334.7132993
485,-22.5490017775,1570152337.7160637
486,-22.7452658095,1570152340.7194343
487,-23.4261119964,1570152343.723519
488,-22.8565935893,1570152346.7261412
489,-22.7670789736,1570152349.7295163
490,-22.9014354557,1570152352.732292
491,-22.9307786773,1570152355.7348285
492,-21.6441826871,1570152358.7386248
493,-22.947055451,1570152361.7421303
494,-22.1940706181,1570152364.7452974
495,-21.5019224184,1570152367.7495952
496,-23.2764720343,1570152370.7529745
497,-22.1270544176,1570152373.7570229
498,-23.5449428003,1570152376.759414
499,-22.8599016823,1570152379.7628837
500,-23.3798683125,1570152382.7657561
501,-23.360124809,1570152385.769251
502,-23.2554027181,1570152388.7722235
503,-22.871221736,1570152391.7745252
504,-23.0481962237,1570152394.7773206
505,-23.2135411494,1570152397.7820039
506,-21.7880160488,1570152400.7871208
507,-22.9562077483,1570152403.7924542
508,-23.4252499176,1570152406.7974596
509,-23.5698089239,1570152409.8011487
510,-23.0508962587,1570152412.8054407
511,-23.2572298131,1570152415.8099463
512,-22.9863305851,1570152418.8139508
513,-22.9623626834,1570152421.818231
514,-23.1149878317,1570152424.8217092
515,-22.8515479369,1570152427.827
516,-23.0394617119,1570152430.8306892
517,-22.4443487964,1570152433.8346868
518,-23.3124000312,1570152436.838993
519,-23.2238229146,1570152439.8433132
520,-22.5725105302,1570152442.8476892
521,-22.7019064964,1570152445.8525956
522,-22.933165028,1570152448.8564568
523,-22.8720226755,1570152451.8608317
524,-23.7753201829,1570152454.8659868
525,-23.3130141253,1570152457.870444
526,-23.1570929442,1570152460.8735778
527,-22.9321499068,1570152463.878436
528,-23.7197675676,1570152466.882496
529,-22.7703050957,1570152469.8871324
530,-22.7651467063,1570152472.8911026
531,-19.4653980359,1570152475.895101
532,-22.9359235968,1570152478.8990633
533,-23.0187053552,1570152481.9040954
534,-22.4031413865,1570152484.9089394
535,-24.0528322707,1570152487.9138288
536,-22.332826601,1570152490.9169197
537,-23.1600813391,1570152493.9223382
538,-23.5548032996,1570152496.927659
539,-23.147285353,1570152499.9317555
540,-23.6074562519,1570152502.9369462
541,-22.3974490368,1570152505.9413517
542,-23.184585124,1570152508.9463336
543,-22.8245385531,1570152511.950841
544,-22.9590284987,1570152514.955932
545,-22.2941819445,1570152517.9603972
546,-22.9395117068,1570152520.9640858
547,-22.7364145534,1570152523.966763
548,-22.8252189678,1570152526.9699497
549,-22.815416599,1570152529.9744658
550,-23.1715318876,1570152532.9790707
551,-23.0940206336,1570152535.9834707
552,-21.3530760765,1570152538.9875033
553,-23.2219518195,1570152541.9924722
554,-22.898245393,1570152544.9953713
555,-23.3461476957,1570152547.9993773
556,-23.4483646905,1570152551.0037324
557,-22.446085139,1570152554.0079615
558,-21.1722694101,1570152557.0120218
559,-22.7900452598,1570152560.0158575
560,-20.5025221507,1570152563.0196006
561,-22.9619770262,1570152566.0246923
562,-22.4830811865,1570152569.028382
563,-23.2601521811,1570152572.0325425
564,-22.1524070163,1570152575.0360541
565,-22.1390142527,1570152578.0391734
566,-22.885387187,1570152581.0438042
567,-22.7244262639,1570152584.0475655
568,-22.9387608051,1570152587.0518339
569,-23.1015947465,1570152590.0561619
570,-22.0888888344,1570152593.0608628
571,-22.6090292378,1570152596.0636632
572,-22.5618296718,1570152599.0690358
573,-22.624444689,1570152602.0731943
574,-22.6526487005,1570152605.0771496
575,-23.5215856574,1570152608.0820239
576,-22.4881778044,1570152611.0855298
577,-23.0586129329,1570152614.0897267
578,-22.5620054024,1570152617.0938437
579,-22.9118258199,1570152620.0985916
580,-22.9769447455,1570152623.1018918
581,-23.8238519436,1570152626.1050775
582,-22.5937855446,1570152629.1101904
583,-21.7096959842,1570152632.1149933
584,-21.7786126568,1570152635.1195703
585,-22.6844024998,1570152638.122938
586,-21.7052039164,1570152641.1272027
587,-22.5881650135,1570152644.1319256
588,-22.8950748208,1570152647.1372023
589,-20.5223425103,1570152651.1413414
590,-22.4105403162,1570152654.1455472
591,-22.4512165503,1570152657.1487052
592,-22.4626401032,1570152660.152985
593,-22.5600166711,1570152663.1575127
594,-23.248506332,1570152666.1613023
595,-21.5249587707,1570152669.1652112
596,-23.0593535977,1570152672.1703677
597,-22.601978182,1570152675.1754146
598,-22.7343845965,1570152678.179988
599,-22.2830724496,1570152681.1830168
600,-23.641126358,1570152684.1854227
601,-22.4716040414,1570152687.1886494
602,-22.369787013,1570152690.1915865
603,-22.5838796401,1570152693.1956854
604,-22.773017675,1570152696.1993136
605,-22.6341739274,1570152699.2022195
606,-22.4319071605,1570152702.206607
607,-22.7184951617,1570152705.2097855
608,-22.3677450569,1570152708.2138538
609,-22.1953083348,1570152711.2175827
610,-22.2351280183,1570152714.220748
611,-22.4054342046,1570152717.2252307
612,-21.7819722682,1570152720.22835
613,-22.7646388381,1570152723.23204
614,-22.6663987777,1570152726.2358782
615,-22.4532492573,1570152729.2389345
616,-22.9975632055,1570152732.2430184
617,-22.8749766041,1570152735.246715
618,-22.4938636829,1570152738.2497678
619,-22.8325460675,1570152741.2533317
620,-22.9049653612,1570152744.2571585
621,-22.6740350728,1570152747.260642
622,-22.2354073233,1570152750.265272
623,-22.0705990522,1570152753.2679274
624,-21.7419287808,1570152756.2708328
625,-23.0720540405,1570152759.2754393
626,-22.9475284199,1570152762.2789228
627,-23.0113211773,1570152765.282685
628,-22.0387231349,1570152768.2869868
629,-23.0507363435,1570152771.289754
630,-22.3996413007,1570152774.2930095
631,-23.1524639254,1570152777.2974548
632,-22.641771208,1570152780.2997556
633,-22.100399652,1570152783.3030741
634,-22.3292433861,1570152786.3062267
635,-22.1859632231,1570152789.310299
636,-22.2938029462,1570152792.3139162
637,-22.4462181043,1570152795.3174462
638,-22.7788717571,1570152798.3210752
639,-22.521156168,1570152801.3238492
640,-23.0678988883,1570152804.3283203
641,-22.4452406946,1570152807.3324864
642,-22.24659806,1570152810.3367195
643,-21.6184612734,1570152813.3395667
644,-21.9674109103,1570152816.3441882
645,-22.1539787357,1570152819.3478644
646,-22.4732227954,1570152822.3514452
647,-22.8489896985,1570152825.3536572
648,-21.8234227484,1570152828.3574386
649,-22.3922680623,1570152831.3617406
650,-22.3996029366,1570152834.3655903
651,-22.6381793717,1570152837.3687398
652,-22.0351378188,1570152840.3718252
653,-22.6373905751,1570152843.3763971
654,-22.2037978226,1570152846.380292
655,-21.2820601402,1570152849.3835416
656,-22.8839012082,1570152852.387108
657,-22.1897536712,1570152855.3902848
658,-21.3917976535,1570152858.393026
659,-23.1913752434,1570152861.3972197
660,-22.2180219689,1570152864.4001174
661,-22.1729024631,1570152867.403275
662,-22.2718456645,1570152870.4080486
663,-22.6508747233,1570152873.4102447
664,-22.6678296263,1570152876.4142737
665,-22.1165506867,1570152879.4176123
666,-22.8463371031,1570152882.4216661
667,-22.6597839432,1570152885.4273026
668,-22.8577325687,1570152888.4314306
669,-22.3309009577,1570152891.4349651
670,-22.6868907451,1570152894.438885
671,-22.8085364027,1570152897.4422917
672,-23.104673352,1570152900.446334
673,-22.4382452461,1570152903.4486554
674,-21.8681845724,1570152906.4517188
675,-22.624685003,1570152909.4555576
676,-23.1057406846,1570152912.4587574
677,-22.7801549361,1570152915.4610772
678,-23.0808533598,1570152918.4641116
679,-22.1897196469,1570152921.4677505
680,-22.4748068911,1570152924.4708745
681,-20.8032258626,1570152927.4733708
682,-22.3536199086,1570152930.4761894
683,-20.9268496861,1570152933.478221
684,-20.9216990486,1570152936.480917
685,-22.9811356658,1570152939.4834974
686,-23.0994225905,1570152942.4874585
687,-21.5459685886,1570152945.4911416
688,-21.713267033,1570152948.4943817
689,-22.5511616944,1570152951.4972684
690,-22.5380997477,1570152954.5007045
691,-22.497038311,1570152957.503879
692,-22.4330697443,1570152960.5069613
693,-23.0660068782,1570152963.5102978
694,-23.7248472316,1570152966.5156322
695,-22.7105463804,1570152969.5181725
696,-23.2821264439,1570152972.5221188
697,-23.0935756492,1570152975.5263262
698,-23.0806374181,1570152978.5293877
699,-23.6515355218,1570152981.5343983
700,-28.9337807772,1570152984.5412107
701,-28.0749414092,1570152987.5443149
702,-26.5875125388,1570152990.5483768
703,-25.9731429246,1570152993.5537882
704,-26.6160793395,1570152996.5587814
705,-26.9848009241,1570152999.5657403
706,-27.0962648839,1570153002.5694933
707,-27.0771142026,1570153005.573815
708,-25.9608486161,1570153008.5770168
709,-26.1989748375,1570153011.5825531
710,-28.2293048489,1570153014.5889552
711,-27.855069075,1570153017.593371
712,-26.5672316012,1570153020.5976636
713,-25.9061246281,1570153023.6027865
714,-26.1821926029,1570153026.6090913
715,-26.065178407,1570153029.6131163
716,-26.1054254461,1570153032.6194637
717,-25.7546622171,1570153035.6246536
718,-27.2762635098,1570153038.6300108
719,-25.9031528202,1570153041.6361423
720,-25.7129531496,1570153044.6415854
721,-25.3330678572,1570153047.6465642
722,-26.2400450594,1570153050.651764
723,-26.324255136,1570153053.6562793
724,-25.6839612258,1570153056.662217
725,-26.0635032077,1570153059.6670213
726,-26.2792268638,1570153062.671509
727,-25.9132738611,1570153065.677611
728,-25.8244052935,1570153068.684983
729,-25.8293221292,1570153071.6907604
730,-25.3347133038,1570153074.6963782
731,-26.0053105637,1570153077.7037146
732,-26.259648152,1570153080.7083857
733,-25.9672650807,1570153083.7126753
734,-25.6272490177,1570153086.7186337
735,-25.9506018076,1570153089.7262309
736,-25.1654181799,1570153092.7330236
737,-25.574967619,1570153095.7402859
738,-25.3414619599,1570153098.7465308
739,-25.7867495033,1570153101.7514694
740,-24.9537387423,1570153104.7577698
741,-25.7356636962,1570153107.7646775
742,-26.0564355647,1570153110.7712967
743,-24.866949507,1570153113.7777047
744,-25.667892565,1570153116.7836225
745,-25.2825701705,1570153119.7911665
746,-24.56023929,1570153122.798003
747,-25.6031920714,1570153125.8048491
748,-25.1382689844,1570153128.8116362
749,-25.555317066,1570153131.817692
750,-25.6306281296,1570153134.8230348
751,-25.5509254724,1570153137.8283172
752,-24.7725639432,1570153140.8352823
753,-25.6473521184,1570153143.8416133
754,-25.1957318429,1570153146.8470118
755,-25.0878577348,1570153149.85249
756,-25.0900427499,1570153152.8587768
757,-26.0678752168,1570153155.864456
758,-26.5976848883,1570153158.8703718
759,-25.9661975768,1570153161.8759372
760,-24.1201533003,1570153164.8822339
761,-24.5573224573,1570153167.8871946
762,-25.0253439688,1570153170.892583
763,-25.897511966,1570153173.8987236
764,-25.3967686868,1570153176.9045036
765,-24.7952688158,1570153179.9106166
766,-25.7777145447,1570153182.917334
767,-24.7901764524,1570153185.92303
768,-27.3139556774,1570153188.9289773
769,-24.783365882,1570153191.934916
770,-24.5384233151,1570153194.940498
771,-25.3154500941,1570153197.9466827
772,-25.4965858451,1570153200.9530191
773,-26.1166407665,1570153203.95964
774,-25.8069739348,1570153206.9652095
775,-24.7772154556,1570153209.9715402
